"+","  1"," 1",0.00,0.00,0.00,0.00,0.00,0.00,0.00,0.00,0.00,0,F,0.00,0.00,0.00,"",0.00,0.00,0.00,0.00,0.00,0.00,0.00,0.00,0.00,0.00,0.00,0.00,0.00,"","","","",0.00,0.00,0.00,0.00,"","","","",0.00,0.00,0.00,0.00,0,0,0,0.00,0.00,0.00,0.00,0.00,0.00,0.00,"","","","","",0,0.00,0.00,0.00,0.00,0.00,0.00,0.00,0.00,0.00,0.00,0.00,0.00,0.00,0.00,0.00,0.00,0.00,0.00,0.00,0.00,0.00
"+","  1"," 2",0.00,0.00,0.00,0.00,0.00,0.00,0.00,0.00,0.00,0,F,0.00,0.00,0.00,"",0.00,0.00,0.00,0.00,0.00,0.00,0.00,0.00,0.00,0.00,0.00,0.00,0.00,"","","","",0.00,0.00,0.00,0.00,"","","","",0.00,0.00,0.00,0.00,0,0,0,0.00,0.00,0.00,0.00,0.00,0.00,0.00,"","","","","",0,0.00,0.00,0.00,0.00,0.00,0.00,0.00,0.00,0.00,0.00,0.00,0.00,0.00,0.00,0.00,0.00,0.00,0.00,0.00,0.00,0.00
"+","  1"," 3",0.00,0.00,0.00,0.00,0.00,0.00,0.00,0.00,0.00,0,F,0.00,0.00,0.00,"",0.00,0.00,0.00,0.00,0.00,0.00,0.00,0.00,0.00,0.00,0.00,0.00,0.00,"","","","",0.00,0.00,0.00,0.00,"","","","",0.00,0.00,0.00,0.00,0,0,0,0.00,0.00,0.00,0.00,0.00,0.00,0.00,"","","","","",0,0.00,0.00,0.00,0.00,0.00,0.00,0.00,0.00,0.00,0.00,0.00,0.00,0.00,0.00,0.00,0.00,0.00,0.00,0.00,0.00,0.00
"+","  1"," 4",0.00,0.00,0.00,0.00,0.00,0.00,0.00,0.00,0.00,0,F,0.00,0.00,0.00,"",0.00,0.00,0.00,0.00,0.00,0.00,0.00,0.00,0.00,0.00,0.00,0.00,0.00,"","","","",0.00,0.00,0.00,0.00,"","","","",0.00,0.00,0.00,0.00,0,0,0,0.00,0.00,0.00,0.00,0.00,0.00,0.00,"","","","","",0,0.00,0.00,0.00,0.00,0.00,0.00,0.00,0.00,0.00,0.00,0.00,0.00,0.00,0.00,0.00,0.00,0.00,0.00,0.00,0.00,0.00
"+","  1"," 5",0.00,0.00,0.00,0.00,0.00,0.00,0.00,0.00,0.00,0,F,0.00,0.00,0.00,"",0.00,0.00,0.00,0.00,0.00,0.00,0.00,0.00,0.00,0.00,0.00,0.00,0.00,"","","","",0.00,0.00,0.00,0.00,"","","","",0.00,0.00,0.00,0.00,0,0,0,0.00,0.00,0.00,0.00,0.00,0.00,0.00,"","","","","",0,0.00,0.00,0.00,0.00,0.00,0.00,0.00,0.00,0.00,0.00,0.00,0.00,0.00,0.00,0.00,0.00,0.00,0.00,0.00,0.00,0.00
"+","  1"," 6",0.00,0.00,0.00,0.00,0.00,0.00,0.00,0.00,0.00,0,F,0.00,0.00,0.00,"",0.00,0.00,0.00,0.00,0.00,0.00,0.00,0.00,0.00,0.00,0.00,0.00,0.00,"","","","",0.00,0.00,0.00,0.00,"","","","",0.00,0.00,0.00,0.00,0,0,0,0.00,0.00,0.00,0.00,0.00,0.00,0.00,"","","","","",0,0.00,0.00,0.00,0.00,0.00,0.00,0.00,0.00,0.00,0.00,0.00,0.00,0.00,0.00,0.00,0.00,0.00,0.00,0.00,0.00,0.00
"+","  1"," 7",0.00,0.00,0.00,0.00,0.00,0.00,0.00,0.00,0.00,0,F,0.00,0.00,0.00,"",0.00,0.00,0.00,0.00,0.00,0.00,0.00,0.00,0.00,0.00,0.00,0.00,0.00,"","","","",0.00,0.00,0.00,0.00,"","","","",0.00,0.00,0.00,0.00,0,0,0,0.00,0.00,0.00,0.00,0.00,0.00,0.00,"","","","","",0,0.00,0.00,0.00,0.00,0.00,0.00,0.00,0.00,0.00,0.00,0.00,0.00,0.00,0.00,0.00,0.00,0.00,0.00,0.00,0.00,0.00
"+","  1"," 8",0.00,0.00,0.00,0.00,0.00,0.00,0.00,0.00,0.00,0,F,0.00,0.00,0.00,"",0.00,0.00,0.00,0.00,0.00,0.00,0.00,0.00,0.00,0.00,0.00,0.00,0.00,"","","","",0.00,0.00,0.00,0.00,"","","","",0.00,0.00,0.00,0.00,0,0,0,0.00,0.00,0.00,0.00,0.00,0.00,0.00,"","","","","",0,0.00,0.00,0.00,0.00,0.00,0.00,0.00,0.00,0.00,0.00,0.00,0.00,0.00,0.00,0.00,0.00,0.00,0.00,0.00,0.00,0.00
"+","  1"," 9",0.00,0.00,0.00,0.00,0.00,0.00,0.00,0.00,0.00,0,F,0.00,0.00,0.00,"",0.00,0.00,0.00,0.00,0.00,0.00,0.00,0.00,0.00,0.00,0.00,0.00,0.00,"","","","",0.00,0.00,0.00,0.00,"","","","",0.00,0.00,0.00,0.00,0,0,0,0.00,0.00,0.00,0.00,0.00,0.00,0.00,"","","","","",0,0.00,0.00,0.00,0.00,0.00,0.00,0.00,0.00,0.00,0.00,0.00,0.00,0.00,0.00,0.00,0.00,0.00,0.00,0.00,0.00,0.00
"+","  1","10",0.00,0.00,0.00,0.00,0.00,0.00,0.00,0.00,0.00,0,F,0.00,0.00,0.00,"",0.00,0.00,0.00,0.00,0.00,0.00,0.00,0.00,0.00,0.00,0.00,0.00,0.00,"","","","",0.00,0.00,0.00,0.00,"","","","",0.00,0.00,0.00,0.00,0,0,0,0.00,0.00,0.00,0.00,0.00,0.00,0.00,"","","","","",0,0.00,0.00,0.00,0.00,0.00,0.00,0.00,0.00,0.00,0.00,0.00,0.00,0.00,0.00,0.00,0.00,0.00,0.00,0.00,0.00,0.00
"+","  1","11",0.00,0.00,0.00,0.00,0.00,0.00,0.00,0.00,0.00,0,F,0.00,0.00,0.00,"",0.00,0.00,0.00,0.00,0.00,0.00,0.00,0.00,0.00,0.00,0.00,0.00,0.00,"","","","",0.00,0.00,0.00,0.00,"","","","",0.00,0.00,0.00,0.00,0,0,0,0.00,0.00,0.00,0.00,0.00,0.00,0.00,"","","","","",0,0.00,0.00,0.00,0.00,0.00,0.00,0.00,0.00,0.00,0.00,0.00,0.00,0.00,0.00,0.00,0.00,0.00,0.00,0.00,0.00,0.00
"+","  1","12",0.00,0.00,0.00,0.00,0.00,0.00,0.00,0.00,0.00,0,F,0.00,0.00,0.00,"",0.00,0.00,0.00,0.00,0.00,0.00,0.00,0.00,0.00,0.00,0.00,0.00,0.00,"","","","",0.00,0.00,0.00,0.00,"","","","",0.00,0.00,0.00,0.00,0,0,0,0.00,0.00,0.00,0.00,0.00,0.00,0.00,"","","","","",0,0.00,0.00,0.00,0.00,0.00,0.00,0.00,0.00,0.00,0.00,0.00,0.00,0.00,0.00,0.00,0.00,0.00,0.00,0.00,0.00,0.00
